000000193
000000194
000000195
000000196
000000197
000000198
000000199
000000200
000000201
000000202
000000203
000000204
000000205
000000206
000000207
000000208
000000209
000000210
000000211
000000212
000000213
000000214
000000215
000000216
000000217
000000218
000000219
000000220
000000221
000000222
000000223
000000224
000000225
000000226
000000227
000000228
000000229
000000230
000000231
000000232
000000233
000000234
000000235
000000236
000000237
000000238
000000239
000000240
000000241
000000242
000000243
000000244
000000245
000000246
000000247
000000248
000000249
000000250
000000251
000000252
000000253
000000254
000000255
000000256
000000257
000000258
000000259
000000260
000000261
000000262
000000263
000000264
000000265
000000266
000000267
000000268
000000269
000000270
000000271
000000272
000000273
000000274
000000275
000000276
000000277
000000278
000000279
000000280
000000281
000000282
000000283
000000284
000000285
000000286
000000287
000000288
000000289
000000290
000000291
000000292
000000293
000000294
000000295
000000296
000000297
000000298
000000299
000000300
000000301
000000302
000000303
000000304
000000305
000000306
000000307
000000308
000000309
000000310
000000311
000000312
000000313
000000314
000000315
000000316
000000317
000000318
000000319
000000320
000000321
000000322

